,Model,Accuracy,CV,Precision,Recall,F1 Score,MAE,MSE,RMSE,AUC,Bias,Variance
0,Decision Tree,75.2,0.72,0.64,0.66,0.65,0.28,0.34,0.58,-,0.03005050505050505,0.3898631021210988
1,Logistic Regression,65.27,0.74,0.6,0.67,0.58,0.42,0.55,0.74,0.82,0.2377104377104377,0.5537665941117119
2,KNN,75.45,0.72,0.64,0.67,0.65,0.28,0.35,0.59,-,0.0452020202020202,0.404093792866941
3,Bagged Tree,78.44,0.76,0.68,0.69,0.68,0.24,0.29,0.54,-,0.011616161616161616,0.372580915779569
4,Random Forest,79.24,0.77,0.69,0.69,0.69,0.23,0.28,0.53,-,0.02382154882154882,0.3638421178677912
5,Gradient Boost,79.7,0.78,0.69,0.7,0.69,0.23,0.28,0.53,-,0.02643097643097643,0.3615845321905927
6,ADABoost,63.88,0.72,0.57,0.61,0.56,0.43,0.57,0.75,-,0.20883838383838385,0.5104819165277921
7,XGBoost,77.31,0.78,0.67,0.71,0.68,0.26,0.31,0.56,-,0.08265993265993266,0.4070763754265439
8,SVM,72.96,0.76,0.64,0.71,0.65,0.32,0.41,0.64,-,0.16111111111111112,0.4836933872960809
0,Imbalance Decision Tree,75.96,0.72,0.65,0.66,0.65,0.27,0.32,0.57,-,0.01,0.36
1,Imbalance Logistic Regression,74.87,0.74,0.68,0.56,0.58,0.27,0.3,0.55,0.81,0.01,0.25
2,Imbalance KNN,78.96,0.73,0.7,0.66,0.68,0.23,0.27,0.52,-,0.01,0.32
3,Imbalance Bagged Tree,79.16,0.76,0.69,0.66,0.67,0.23,0.27,0.52,-,-0.01,0.32
4,Imbalance Random Forest,80.37,0.77,0.71,0.67,0.69,0.22,0.26,0.51,-,0.0,0.32
5,Imbalance Gradient Boost,81.3,0.78,0.73,0.68,0.7,0.2,0.24,0.49,-,0.0,0.31
6,Imbalance ADABoost,71.8,0.72,0.6,0.51,0.5,0.3,0.32,0.57,-,0.02,0.22
7,Imbalance XGBoost,80.34,0.78,0.76,0.63,0.66,0.21,0.24,0.49,-,0.0,0.27
8,Imbalance SVM,78.54,0.76,0.75,0.6,0.63,0.23,0.26,0.51,-,0.02,0.25
