,Model,Accuracy,CV,Precision,Recall,F1 Score,MAE,MSE,RMSE,AUC,Bias,Variance
0,Decision Tree,75.2,0.72,0.64,0.66,0.65,0.28,0.34,0.58,-,0.03005050505050505,0.38986310212109876
1,Logistic Regression,65.27,0.74,0.6,0.67,0.58,0.42,0.55,0.74,0.82,0.2377104377104377,0.5537665941117119
2,KNN,75.45,0.72,0.64,0.67,0.65,0.28,0.35,0.59,-,0.0452020202020202,0.404093792866941
3,Bagged Tree,78.44,0.76,0.68,0.69,0.68,0.24,0.29,0.54,-,0.011616161616161616,0.372580915779569
4,Random Forest,79.24,0.77,0.69,0.69,0.69,0.23,0.28,0.53,-,0.02382154882154882,0.3638421178677912
5,Gradient Boost,79.7,0.78,0.69,0.7,0.69,0.23,0.28,0.53,-,0.02643097643097643,0.3615845321905927
6,ADABoost,63.88,0.72,0.57,0.61,0.56,0.43,0.57,0.75,-,0.20883838383838385,0.510481916527792
7,XGBoost,77.31,0.78,0.67,0.71,0.68,0.26,0.31,0.56,-,0.08265993265993266,0.40707637542654385
8,SVM,72.96,0.76,0.64,0.71,0.65,0.32,0.41,0.64,-,0.16111111111111112,0.4836933872960809
